randomForest(92,'entropy',0.6225699374344569,9,8,False,'balanced')
Fitness: 0.8022813440406227
Prediction: [0 0 0 ... 0 0 0]
