randomForest(67,'gini',0.7755013237310036,13,19,False,'balanced_subsample')
Fitness: 0.8080250479107338
Prediction: [0 0 0 ... 0 0 1]
