varianceThreshold();minMaxScaler();robustScaler(False,False);decisionTree('entropy',27,3,0.7413039867925104,12,'balanced')
Fitness: 0.6999824903149555
Prediction: [0 0 0 ... 1 1 0]
