adaBoost(decisionTree('entropy',7,16,0.5674692526105003,11,'balanced'),81,0.08551878017661514,'SAMME')
Fitness: 0.7956962642847335
Prediction: [0 0 0 ... 0 0 0]
